2
47
20
1
4
2
3
21
30
11
14
12
14
36
2
1
7
17
4
6
5
2
4
1
3
59
1
3
10
31
5
29
23
47
4
47
88
13
8
22
1
27
8
20
7
23
19
5
5
4
5
38
29
28
11
12
47
42
0
37
51
19
20
27
35
26
11
4
2
49
137
13
52
7
16
4
31
1
15
14
4
10
3
4
21
1
1
28
14
29
14
33
6
22
4
11
34
11
2
18
10
25
4
32
9
6
1
36
143
8
67
1
3
32
4
17
12
1
39
24
38
3
18
29
11
7
3
14
6
9
10
11
21
20
11
7
29
10
22
28
57
8
45
18
7
10
38
17
5
9
6
1
32
53
13
39
15
21
12
12
23
12
4
34
30
21
1
29
9
2
1
21
54
14
16
9
1
4
41
23
25
85
22
8
47
11
2
27
4
6
11
27
55
47
16
8
22
21
18
9
5
10
28
75
6
36
152
5
41
8
25
13
