15
4
9
37
0
23
3
2
2
1
29
5
3
33
22
16
32
41
0
5
5
21
9
11
14
3
5
20
5
0
18
24
5
25
31
10
6
0
3
3
31
25
8
1
19
33
14
3
3
1
8
11
2
13
21
3
30
4
20
3
1
3
12
14
5
28
1
3
9
3
42
4
14
4
13
15
19
57
9
3
9
11
6
17
0
22
14
9
13
16
23
5
20
3
6
21
1
22
9
29
3
32
9
13
4
2
9
11
24
9
19
10
35
1
5
36
3
36
41
4
2
1
59
53
65
15
20
33
11
35
66
6
53
13
8
1
1
28
3
8
22
3
9
38
22
11
75
21
4
20
11
4
81
49
23
37
22
28
1
39
5
12
11
27
53
14
0
11
36
45
56
32
16
33
16
9
56
56
9
26
10
4
2
2
7
34
93
66
15
67
39
116
59
57
10
16
10
9
33
18
26
5
24
17
1
21
33
