5
4
9
0
5
1
24
8
23
6
8
11
25
17
17
22
25
20
3
3
18
17
1
31
9
7
2
22
6
7
18
8
26
3
1
56
3
2
12
33
6
23
20
1
4
48
15
6
2
9
36
6
4
9
13
17
23
76
2
5
14
20
41
12
32
17
5
35
7
4
2
6
4
17
7
11
16
34
5
13
22
5
28
12
12
16
6
6
6
19
1
2
7
1
6
1
19
8
18
13
3
5
1
5
17
14
1
32
0
7
9
25
27
11
1
7
9
6
41
20
4
10
19
4
21
1
12
4
12
7
3
22
2
16
9
9
6
3
2
3
49
4
22
21
1
23
2
6
4
3
35
6
21
17
10
14
22
16
4
4
17
2
7
9
14
14
19
23
0
5
17
2
12
29
12
21
14
38
7
6
8
14
12
5
38
6
34
25
20
60
22
46
25
20
21
13
1
5
26
15
9
0
17
6
30
0
21
