15
16
2
2
1
25
5
7
4
4
15
9
14
6
4
10
7
10
6
4
32
30
17
25
21
16
3
3
29
4
15
12
22
4
15
7
5
26
26
9
6
6
2
0
16
17
5
2
19
7
32
5
15
1
7
0
2
2
16
20
9
4
31
2
7
16
6
8
3
19
14
35
22
3
1
5
29
1
2
8
16
1
2
16
7
8
23
13
4
5
1
41
9
13
12
25
8
14
11
19
4
26
0
19
24
17
35
9
2
7
5
6
7
31
4
7
8
2
19
26
9
18
6
1
30
40
9
7
3
4
7
7
26
3
3
1
5
2
20
13
2
66
2
3
31
28
4
12
2
4
28
15
17
1
3
40
3
12
10
5
11
4
1
5
22
2
2
12
7
47
1
18
9
19
20
16
5
9
3
9
16
27
7
12
30
4
12
3
3
53
7
3
9
6
7
25
34
0
1
12
8
15
29
16
16
7
14