0.017 4
0.015 3
0.028 2
0.045 2
0.093 7
0.177 2
0.186 3
0.281 2
0.329 4
0.458 3
0.86 11
0.832 4
0.933 4
0.984 4
1.129 4
1.096 2
1.559 12
1.807 4
1.789 4
1.728 13
1.22 4
2.649 14
2.322 3
2.112 5
1.584 6
2.579 8
1.917 3
1.614 4
3.779 9
1.993 6
1.049 4
1.368 5
1.236 4
2.144 4
1.316 6
2.045 4
1.1 2
1.326 7
2.218 7
2.881 4
2.371 8
2.098 4
2.453 7
1.36 4
1.33 4
1.996 3
1.545 4
2.209 10
3.105 9
1.188 4
1.101 4
3.204 6
1.651 4
1.06 2
2.652 12
1.372 3
1.705 6
2.077 6
2.322 7
2.701 4
2.048 12
2.955 13
1.216 2
1.846 5
2.579 6
2.189 5
1.609 2
2.303 6
3.216 6
2.178 8
1.623 5
2.201 5
1.498 4
3.007 9
1.762 9
2.157 5
1.576 2
1.218 4
1.902 9
2.25 6
1.896 17
1.513 6
1.427 2
2.568 4
1.908 6
1.436 9
2.33 4
1.445 5
3.841 11
2.244 5
2.953 6
0.991 2
1.331 5
3.054 11
2.138 4
2.155 8
4.425 17
3.01 9
2.513 6
1.185 2
3.01 4
1.228 2
1.835 2
1.5 5
2.056 4
2.567 6
2.367 6
1.005 3
1.601 4
1.83 3
2.458 6
1.572 2
1.344 3
3.512 6
1.516 4
3.151 6
1.1 2
1.592 4
4.23 8
5.548 9
2.917 9
2.29 8
3.088 6
1.943 6
1.807 5
1.61 7
1.646 4
1.345 7
2.205 8
2.728 11
2.344 7
2.613 14
1.357 2
2.818 5
1.647 3
2.715 12
1.18 2
2.214 4
3.792 7
2.08 7
2.218 13
1.593 3
1.81 12
2.852 9
2.428 5
1.078 2
3.937 12
1.846 4
2.733 12
3.19 12
3.593 21
2.114 5
3.183 10
2.908 17
2.83 9
2.316 8
2.536 12
2.102 5
1.33 14
2.717 12
1.457 13
2.233 15
3.457 12
1.222 5
2.274 10
1.911 13
2.123 4
1.466 14
4.581 23
4.648 22
2.329 16
2.161 4
1.258 10
2.516 14
4.115 9
1.339 8
2.909 6
3.076 11
2.161 4
1.935 4
2.042 4
4.007 12
2.512 10
1.433 13
2.949 7
1.95 4
3.82 19
2.075 5
2.969 8
2.65 5
2.976 9
1.938 16
3.044 12
3.202 7
3.436 20
2.701 23
2.377 7
2.569 18
1.618 12
3.208 17
3.895 16
4.384 19
4.025 13
3.436 29
1.974 9
3.732 14
2.23 10
0.988 12
3.88 33
2.31 9
3.399 19
5.304 17
2.226 10
2.467 21
4.325 11
2.646 28
3.523 25
4.573 22
4.4 21
4.31 22
3.957 24
3.496 8
4.058 28
3.939 17
4.438 49
5.849 28
3.857 12
5.1 14
3.156 15
4.768 34
3.581 13
5.293 22
4.559 22
4.175 22
7.324 26
5.453 48
2.832 17
4.604 32
7.659 53
10.279 50
3.799 9
5.05 40
7.552 31
2.402 4
5.163 47
5.401 9
8.808 28
6.701 32
5.861 29
9.879 55
2.404 45
5.326 79
4.532 26
2.54 16
5.953 49
7.775 53
2.384 13
3.267 18
12.931 60
9.41 41
5.221 16
7.063 36
3.396 43
3.359 71
7.152 23
7.811 73
9.095 59
12.208 85
4.904 30
7.927 47
5.074 37
11.666 63
6.934 71
5.629 23
6.641 78
7.593 40
7.835 46
3.815 72
11.143 60
5.302 36
5.533 12
4.587 70
3.224 13
9.565 39
6.887 30
4.485 41
5.613 68
5.85 68
8.692 69
7.291 45
7.05 106
11.122 89
8.627 64
5.25 115
8.244 42
11.242 61
11.994 63
8.306 33
11.34 74
9.474 107
6.781 18
7.625 75
9.416 77
10.693 147
15.181 93
8.262 51
11.655 46
8.814 260
9.932 72
9.274 74
11.907 74
7.756 147
6.146 24
4.531 24
10.846 57
10.084 70
16.518 159
8.557 31
9.072 90
17.099 132
12.969 86
8.603 143
6.61 41
13.984 118
4.896 8
8.849 108
7.835 70
9.03 100
8.322 174
10.259 46
8.751 122
15.99 122
8.541 77
9.911 121
3.866 35
19.652 106
15.975 175
12.989 103
11.831 74
28.998 169
7.79 46
11.883 46
9.434 125
9.394 35
13.419 69
13.328 131
13.61 101
6.397 12
16.13 61
19.271 121
12.659 57
11.797 69
16.717 84
15.1 79
11.784 128
6.492 30
20.346 147
14.409 120
7.961 110
12.522 39
13.453 106
5.26 9
17.673 134
9.34 38
6.117 50
9.062 69
17.767 195
9.039 52
12.445 106
22.685 183
19.433 158
13.075 150
15.127 125
18.365 109
10.491 67
18.866 86
32.265 106
17.855 129
20.362 108
14.901 67
23.656 190
9.357 122
16.478 66
22.351 168
17.192 125
5.063 36
9.913 97
17.178 79
11.195 122
8.92 131
5.167 23
5.679 19
12.006 100
5.238 140
5.448 67
16.759 46
12.639 77
