0.001 1
0.004 1
0.006 1
0.006 1
0.008 1
0.005 1
0.011 2
0.012 1
0.01 2
0.013 4
0.011 2
0.015 3
0.01 1
0.019 1
0.032 2
0.049 3
0.062 4
0.058 2
0.092 4
0.136 5
0.133 4
0.148 3
0.201 4
0.257 4
0.237 6
0.465 7
0.547 9
0.709 8
0.592 9
1.36 12
0.908 4
1.094 5
0.843 9
2.534 11
1.123 8
1.911 6
1.571 6
1.361 12
2.482 14
3.346 13
1.965 9
3.371 21
1.471 8
2.007 8
1.849 14
2.441 5
1.126 4
1.379 9
1.371 6
1.164 8
1.12 14
1.563 7
4.436 22
2.753 9
2.052 9
2.211 6
3.181 20
1.303 5
2.93 23
1.436 4
1.285 9
2.753 17
4.856 14
1.676 5
1.719 8
1.81 8
1.748 4
1.726 21
1.729 10
1.57 7
2.86 18
2.088 6
1.874 4
6.022 43
1.585 6
2.872 6
3.497 22
2.054 10
2.65 7
2.878 15
3.831 27
3.6 9
3.356 39
2.367 13
4.701 36
3.495 12
6.486 23
3.25 10
4.027 20
2.541 9
2.956 11
2.793 5
2.191 7
1.598 9
3.006 17
2.55 20
2.798 7
3.481 18
1.959 11
7.392 30
2.667 6
2.547 18
3.551 7
2.288 27
3.515 9
2.813 15
2.226 6
3.162 10
3.207 15
3.374 9
1.485 4
4.18 35
2.197 4
3.122 9
3.894 32
5.797 34
2.804 10
2.035 24
4.506 52
3.765 19
3.581 11
2.71 11
3.437 10
4.746 26
2.191 6
1.526 4
2.535 9
2.246 4
4.046 14
9.493 44
3.375 20
3.635 25
4.817 55
3.591 22
2.522 16
3.284 24
2.417 18
2.035 17
4.735 29
4.94 16
5.158 29
1.527 16
1.562 28
5.513 20
2.627 33
2.955 33
3.956 31
2.657 10
5.193 43
4.088 35
3.377 36
4.71 28
3.107 44
5.283 51
2.732 27
2.005 15
7.223 75
3.496 33
3.809 28
4.809 45
5.549 47
5.755 65
3.854 15
6.316 63
3.353 42
6.478 75
3.196 34
5.116 43
5.587 61
6.667 52
3.208 38
9.609 86
4.561 42
4.793 34
7.303 98
6.261 63
7.085 100
5.126 89
4.976 95
6.085 113
8.165 28
2.93 38
4.094 80
4.82 102
8.481 198
6.413 48
9.746 65
9.235 79
6.333 35
8.973 93
3.21 42
11.249 100
4.903 69
6.989 77
6.085 68
7.561 40
3.34 93
5.778 98
14.083 101
6.042 67
3.941 51
9.428 97
16.054 118
3.396 26
10.022 70
9.607 77
6.45 100
8.264 118
7.105 80
7.202 72
8.727 83
2.661 44
6.909 90
8.729 56
11.979 44
3.608 34
8.278 148
10.254 70
8.253 50
12.299 89
10.543 165
3.76 41
8.455 40
11.096 118
1.812 47
5.634 26
7.978 76
4.093 48
3.296 67
5.78 36
12.299 94
5.798 99
11.059 88
2.457 23
5.403 57
5.714 58
4.295 74
9.981 83
6.339 85
4.077 72
4.737 80
9.304 60
6.227 34
8.345 55
5.815 78
6.115 22
9.019 80
5.944 91
8.388 58
4.353 58
7.039 49
6.062 46
8.528 117
6.786 35
4.865 68
7.866 104
12.028 86
11.263 108
3.523 78
9.751 107
5.949 77
9.561 127
5.081 125
3.115 47
2.799 56
6.095 89
7.256 43
6.149 64
5.642 37
5.41 63
3.761 44
7.161 99
3.114 87
6.73 49
13.832 47
11.062 186
14.507 120
10.881 176
15.49 77
7.682 57
3.423 60
4.705 61
6.916 98
5.559 136
9.325 36
8.192 186
13.01 153
12.565 118
10.871 80
8.678 122
6.143 56
15.975 95
10.453 80
4.68 87
8.385 89
7.225 72
12.409 83
4.255 14
16.97 78
16.268 145
3.584 37
4.265 40
10.189 128
3.493 32
5.984 31
10.504 127
6.906 48
10.151 122
4.097 31
11.556 56
13.591 128
3.201 49
8.461 49
14.746 97
13.595 83
9.279 55
9.581 73
2.914 98
7.78 96
16.352 108
7.455 96
6.259 69
5.819 79
9.507 40
7.909 125
6.935 62
9.913 221
11.597 139
4.754 42
5.933 77
5.453 103
14.783 196
7.841 73
12.877 161
5.681 191
7.683 72
9.219 56
18.828 155
3.018 133
8.03 75
15.523 80
6.904 62
14.929 91
10.767 106
7.029 62
10.728 122
11.958 127
10.471 74
9.314 47
14.392 122
8.313 100
6.97 62
14.302 149
7.116 55
18.097 134
9.187 79
8.523 65
6.1 167
13.4 67
6.973 63
8.821 136
9.212 47
14.487 103
16.155 146
12.864 162
16.079 164
13.221 153
16.281 109
10.483 123
9.417 73
13.006 111
8.472 79
8.171 115
8.045 57
11.91 87
8.895 86
17.525 221
16.167 117
11.841 136
10.633 124
4.203 87
14.678 145
11.881 134
14.028 131
8.726 105
11.252 128
10.612 158
9.478 146
10.598 239
5.068 139
2.133 30
6.271 85
8.91 80
9.849 237
9.307 124
8.077 123
11.892 72
8.579 48
11.303 171
6.63 79
7.813 70
10.085 56
10.803 176
7.81 137
13.209 140
6.823 149
6.404 44
10.085 86
11.661 82
18.606 145
10.351 133
5.183 128
19.359 123
15.005 70
11.595 122
7.404 54
14.31 109
17.104 84
18.29 122
9.959 97
6.324 50
7.767 38
8.289 100
8.214 148
10.895 36
10.547 165
9.735 145
9.25 98
16.56 206
7.589 97
9.349 174
15.305 116
12.389 131
11.641 37
14.845 155
14.484 75
6.82 42
7.434 47
7.079 80
11.029 105
12.634 102
11.415 164
10.497 92
7.391 32
10.691 97
14.275 53
4.412 17
14.743 171
9.24 122
15.841 196
10.51 70
11.433 78
21.959 99
6.324 86
8.417 82
15.351 87
22.098 185
9.041 80
9.03 122
12.195 80
14.532 133
8.999 97
15.08 119
16.623 123
13.211 124
10.285 122
7.509 58
6.344 63
10.527 99
8.958 132
10.505 92
16.893 77
16.718 122
19.227 152
11.731 97
6.8 73
4.822 88
3.893 74
6.398 53
6.144 65
18.386 171
6.836 55
9.373 143
16.698 76
9.751 143
4.134 49
8.374 58
13.2 63
15.988 171
13.731 132
20.702 188
10.929 118
8.815 210
7.147 55
7.332 84
15.522 80
7.76 79
8.285 56
11.848 123
19.575 236
12.133 81
12.094 135
12.932 131
16.268 70
12.807 142
14.705 135
8.907 91
17.182 198
11.976 110
30.042 169
19.126 75
6.306 89
10.94 47
8.767 101
10.867 186
9.748 114
9.887 126
17.407 173
9.06 80
16.884 140
16.635 98
4.228 63
19.004 117
6.338 38
10.424 102
4.807 42
7.033 247
15.966 91
10.515 196
16.421 128
10.941 70
6.344 47
7.421 86
23.794 239
8.917 85
15.8 217
5.29 54
14.024 80
13.442 402
7.476 62
12.975 115
9.215 64
26.438 162
7.148 39
8.564 104
22.068 192
25.259 223
13.406 120
9.273 85
13.042 168
14.84 97
5.244 85
9.018 44
6.284 82
11.423 75
6.461 81
15.162 91
8.256 45
10.039 64
17.556 145
5.413 131
12.841 127
5.822 93
6.629 72
16.7 87
16.733 97
7.603 41
3.571 26
18.173 166
11.69 123
14.549 154
10.763 82
15.089 172
13.946 135
13.924 122
19.085 165
10.86 123
5.003 81
9.023 55
11.449 74
16.288 148
21.42 153
23.517 166
5.994 104
6.115 97
9.842 58
14.601 69
15.092 85
5.477 99
6.039 66
13.998 99
8.609 107
5.977 68
13.38 73
5.015 40
14.741 80
7.534 135
14.923 150
10.396 94
7.358 93
11.58 122
5.636 144
16.083 130
10.811 100
13.819 122
9.443 85
13.927 177
12.895 125
13.777 129
14.793 190
13.026 122
6.56 246
10.486 41
8.501 75
14.61 101
12.97 251
8.379 71
10.95 87
9.53 71
5.011 56
20.205 188
21.528 247
3.656 74
15.117 250
5.96 51
16.044 272
16.489 222
24.322 245
8.568 92
21.348 230
8.073 86
7.036 49
8.196 56
11.636 84
14.59 127
7.045 67
21.364 94
10.463 122
3.172 65
6.532 63
9.687 26
16.98 210
14.993 84
7.275 174
19.592 197
17.331 139
9.929 57
12.994 149
4.878 65
12.426 234
9.766 122
10.66 161
18.822 150
12.142 91
19.107 169
12.25 86
8.622 119
11.747 135
15.076 205
15.063 80
11.056 81
15.294 59
10.583 101
13.559 138
13.594 88
7.165 120
12.874 115
10.301 150
19.261 159
6.63 48
6.521 105
5.504 76
16.5 187
6.368 41
11.136 73
5.542 94
10.936 100
15.565 122
23.331 153
5.953 87
7.617 142
16.167 110
18.852 128
16.279 152
10.606 120
12.309 148
13.935 103
14.172 122
7.524 86
7.328 135
4.621 153
9.118 207
12.079 189
15.492 163
9.426 93
13.632 292
13.167 202
15.821 115
21.444 91
16.57 121
16.534 248
18.562 130
13.578 246
11.137 97
11.2 75
12.433 92
5.223 33
12.235 101
10.847 103
9.11 44
22.269 85
11.327 47
6.946 91
7.441 74
23.111 160
13.324 69
13.721 263
29.804 194
17.777 147
9.963 80
11.051 126
12.361 166
10.998 109
12.764 122
23.378 150
10.484 51
18.629 192
21.967 198
24.873 410
17.115 141
16.168 252
24.543 232
8.101 93
12.322 82
6.404 23
15.282 74
12.666 98
10.255 100
15.221 111
14.771 97
22.277 278
14.169 55
5.938 64
12.408 170
2.208 35
23.61 189
8.147 109
18.454 248
18.826 175
10.757 83
22.748 424
18.034 172
15.549 150
11.791 122
11.356 116
15.029 198
18.969 299
19.923 130
17.027 65
13.433 160
21.193 147
9.02 32
8.793 108
4.986 42
9.403 39
22.764 157
11.651 89
11.489 107
7.725 20
10.602 116
6.227 126
19.481 170
3.735 18
8.693 70
14.189 142
15.111 195
13.243 122
19.058 328
13.448 190
16.774 143
16.762 133
11.072 73
17.267 190
10.558 93
12.365 105
25.641 154
23.619 225
20.974 147
19.126 169
20.954 70
17.448 202
15.026 360
18.808 310
24.925 169
12.165 122
27.409 115
17.442 206
5.155 42
7.81 112
12.303 94
9.797 95
15.742 194
12.071 161
15.949 182
9.561 214
10.967 97
11.408 98
15.361 100
8.963 146
12.906 185
10.357 122
20.581 167
9.534 122
21.202 227
12.974 103
12.269 64
10.929 53
13.781 265
7.136 93
10.642 115
11.096 94
18.865 97
14.072 92
11.883 105
20.175 228
25.805 154
9.18 33
17.421 212
9.065 122
14.997 80
16.69 150
10.345 72
10.99 32
13.854 143
3.876 79
14.391 74
15.149 96
3.369 84
16.341 168
13.256 76
8.227 81
13.023 97
6.593 86
20.99 132
17.198 233
16.279 144
19.891 216
14.535 139
10.686 152
20.51 162
22.855 388
8.219 66
12.54 108
18.748 86
31.022 372
7.852 27
15.381 109
8.372 105
10.965 78
10.582 73
13.697 83
12.268 61
11.764 118
3.784 9
27.913 182
8.981 164
25.396 249
