0.006 2
0.005 1
0.057 49
0.044 28
0.059 22
0.164 60
0.263 40
0.25774225774225773 132
0.185 16
2.7152847152847155 141
0.451 18
1.023 48
1.113 72
0.549 27
0.469 52
0.5325325325325325 102
0.784 100
0.295 34
0.15584415584415584 7
1.318 130
0.839 71
1.606 86
1.4645354645354645 72
1.609 47
2.4375624375624376 48
0.919080919080919 11
2.335 78
7.611388611388612 136
2.555 29
5.354354354354355 78
2.971 211
1.029 34
5.345 39
2.155 53
4.296 48
6.668 36
7.589 53
8.363 101
3.906 81
5.11 48
2.102 34
1.237 12
4.551 190
4.792 53
5.315 71
11.012 150
8.891 97
5.551 42
4.676 89
0.946 10
6.988 79
5.553 133
4.495 49
1.06 39
7.108 53
6.9 67
3.06 26
11.023 105
1.541 50
1.725 14
12.037 143
7.185 30
10.096 66
10.31 65
14.055 132
1.313 63
3.972 86
10.185 90
1.439 8
1.84 32
6.394 71
5.991 54
11.917 73
5.218 27
11.431 85
1.843313373253493 26
14.191808191808192 72
12.259 85
4.2967032967032965 38
8.227772227772228 27
17.214 115
3.97002997002997 27
8.295114656031904 39
8.181636726546905 88
4.899100899100899 60
14.181818181818182 122
9.298403193612774 59
7.289421157684631 29
1.6866866866866868 16
8.922 77
18.329 88
8.793793793793794 61
5.316683316683316 21
13.362911266201396 51
5.571286141575274 26
22.918 143
20.090818363273453 139
6.360639360639361 18
17.662013958125623 147
11.248502994011975 51
13.335329341317365 74
7.999001996007984 26
15.667 76
10.54045954045954 180
12.694 46
18.291 159
12.326673326673326 61
9.835 80
2.66966966966967 232
27.151 272
11.512 180
1.7974051896207586 4
3.004995004995005 25
16.594405594405593 164
9.559880239520957 176
3.2797202797202796 33
9.285429141716566 57
17.654 69
11.13640922768305 47
2.9839679358717435 14
1.874749498997996 18
5.118118118118118 41
7.117 21
9.481481481481481 201
8.83083083083083 107
16.161838161838162 73
22.839679358717436 110
3.5055055055055053 24
4.673673673673673 18
11.243538767395627 53
5.030907278165503 41
3.5518962075848304 37
10.011976047904191 61
11.08682634730539 174
11.945891783567134 43
12.394 99
8.142857142857142 24
24.182634730538922 136
1.6015936254980079 4
2.7751243781094526 45
13.044820717131474 45
5.0999000999001 14
11.120758483033931 39
2.402195608782435 32
12.415584415584416 53
7.208374875373878 48
8.08817635270541 25
9.774774774774775 55
4.924 58
8.578842315369261 82
29.232767232767234 225
7.181818181818182 83
3.1868131868131866 69
11.344311377245509 62
3.8686567164179104 38
13.481113320079523 85
17.077534791252486 81
20.2382851445663 102
3.169491525423729 42
9.610557768924302 103
8.226190476190476 239
3.917082917082917 44
8.240796019900497 37
2.4925521350546176 58
5.693836978131213 87
6.03674280039722 123
24.019880715705764 99
27.083665338645417 86
6.091182364729459 27
4.699801192842942 12
22.27128712871287 72
5.440559440559441 16
7.355289421157685 48
10.450199203187251 97
15.786573146292586 92
2.087437185929648 19
13.73678963110668 104
3.7994041708043693 45
6.363095238095238 47
12.662363455809334 50
10.814299900695135 169
8.315 21
7.067729083665339 100
16.616465863453815 64
22.752988047808763 65
8.096806387225548 50
9.289970208540218 28
3.2637362637362637 9
5.791252485089463 21
11.25771144278607 120
30.247269116186693 96
3.7765640516385304 21
4.937751004016064 58
11.76938369781312 47
8.34934934934935 94
13.655378486055778 41
10.636904761904763 34
10.954819277108435 47
13.833830845771145 229
6.806163021868787 14
3.6686507936507935 69
18.387836490528414 241
11.044820717131474 37
9.764292878635908 49
12.414658634538153 154
4.752247752247753 93
2.600199401794616 69
8.134462151394422 44
4.607355864811133 17
5.25771144278607 99
12.403614457831326 65
17.222442899702084 90
5.2023809523809526 37
9.167326732673267 92
2.8453914767096133 27
8.84990059642147 81
8.303270564915758 67
13.937561942517345 102
4.196428571428571 29
22.722 242
7.985059760956175 18
8.98407960199005 22
27.32196589769308 88
31.253731343283583 151
25.981094527363183 322
37.47017892644135 277
6.421471172962226 16
2.1884920634920637 4
25.351539225422044 199
19.36273538156591 122
24.07207207207207 151
9.135323383084577 190
5.120158887785501 22
5.7611940298507465 38
18.81610337972167 50
13.854726368159204 72
18.39622641509434 97
5.779761904761905 117
22.01188118811881 144
11.791459781529294 51
5.577689243027889 30
7.557768924302789 21
7.088293650793651 146
10.918570009930487 122
10.680360721442886 169
7.012024048096192 53
18.051102204408817 55
9.007976071784647 27
3.612387612387612 9
21.51751751751752 134
17.47147147147147 58
4.633 26
1.192 4
4.484484484484485 10
10.633100697906281 53
3.3373373373373374 41
19.852 122
17.034860557768923 294
6.399600399600399 180
7.295295295295295 76
14.987975951903808 72
10.56901688182721 115
13.27245508982036 47
2.21021021021021 33
2.781094527363184 107
20.8444666001994 151
32.31641791044776 295
6.48948948948949 55
9.801990049751243 56
15.606965174129353 190
8.756703078450844 65
10.22255489021956 99
8.933200398803589 34
8.648055832502493 184
2.6202783300198806 102
20.19601990049751 73
14.606965174129353 85
9 65
9.04904904904905 46
4.576152304609218 85
7.42 62
3.2394789579158316 123
8.025819265143992 262
13.514056224899598 210
9.484095427435388 90
6.251251251251252 122
6.9157472417251755 32
18.151696606786427 118
14.359281437125748 148
3.814556331006979 122
19.25224327018943 129
3.640640640640641 69
3.991 62
5.393 64
17.535928143712574 309
23.316 269
22.451097804391217 168
40.35685884691849 206
20.875124875124875 93
15.103585657370518 137
