0 0
0.003 1
0.013 4
0.009 1
0.017 11
0.02 3
0.056 22
0.021 7
0.04 13
0.041 5
0.204 9
0.472 24
0.477 28
0.972 7
0.321 35
2.353 50
1.179 60
2.161 47
4.005 63
1.998 30
4.514 86
5.869 153
3.856 69
4.339 56
4.881 138
9.443 50
5.568 56
6.549 94
7.957 89
8.716 80
5.095 114
6.082 94
13.938 98
7.551 68
7.261 120
11.52 195
8.492 113
7.065 63
10.856 274
6.376 91
12.746 173
15.003 269
6.996 962
15.525 395
13.285 341
22.165 1000
23.304 596
15.635 572
20.341 400
29.788 410
17.94 441
47.912 1000
33.005 734
37.861 801
42.552 997
28.107 970
82.931 1000
71.091 1000
70.606 997
96.364 1000
82.887 1000
44.593 682
72.219 373
111.634 1000
104.372 981
24.712 214
46.422 445
50.98 460
33.518 253
53.163 1000
50.387 1000
67.003 562
148.627 1000
29.947 377
68.73 412
151.476 1000
116.87 656
63.113 766
49.36 271
