0 0
0.003 1
0.013 4
0.009 1
0.017 11
0.02 3
0.056 22
0.021 7
0.04 13
0.041 5
0.204 9
0.472 24
0.477 28
0.972 7
0.321 35
2.353 50
1.179 60
2.161 47
4.005 63
1.998 30
4.514 86
5.869 153
3.856 69
4.339 56
4.881 138
9.443 50
5.568 56
6.549 94
7.957 89
8.716 80
5.095 114
6.082 94
13.938 98
7.551 68
7.261 120
11.52 195
8.492 113
7.065 63
10.856 274
6.376 91
12.746 173
15.003 269
6.996 962
15.525 395
13.285 341
22.165 1000
23.304 596
15.635 572
20.341 400
29.788 410
17.94 441
47.912 1000
33.005 734
37.861 801
42.552 997
28.107 970
82.931 1000
71.091 1000
70.606 997
96.364 1000
82.887 1000
44.593 682
72.219 373
111.634 1000
104.372 981
24.712 214
46.422 445
50.98 460
33.518 253
53.163 1000
50.387 1000
67.003 562
148.627 1000
29.947 377
68.73 412
151.476 1000
116.87 656
63.113 766
49.36 271
105.75 1000
49.993 1000
140.629 1000
105.031 1000
85.191 995
68.928 771
29.512 261
24.268 175
73.504 421
41.397 997
97.588 1000
25.804 435
97.952 394
82.198 597
37.596 379
21.552 316
73.756 685
196.513 1000
27.372 596
20.114 478
68.046 1000
36.07 409
42.742 214
226.098 1000
75.363 276
82.169 496
47.491 372
8.907 452
197.439 1000
25.873 314
44.311 332
27.158 211
111.961 692
72.274 708
137.314 1000
47.76 640
38.762 627
85.827 1000
199.93 1000
109.561 1000
30.358 554
135.38 1000
87.696 1000
35.809 337
38.791 411
52.707 670
68.733 504
55.573 1000
44.488 553
65.796 374
99.327 884
79.397 705
193.923 1000
128.773 665
139.758 1000
128.298 1000
111.736 1000
155.301 1000
169.984 1000
69.482 1000
89.454 622
62.09 490
155.607 1000
52.376 784
147.814 1000
228.713 1000
78.592 1000
72.132 621
58.507 522
110.486 657
94.294 1000
71.127 722
47.233 372
33.153 502
103.555 1000
13.684 833
139.056 1000
58.993 747
55.856 997
29.583 372
73.177 1000
23.672 659
99.179 1000
71.785 732
22.331 783
91.912 1000
14.425 347
120.934 1000
51.178 691
95.133 1000
80.644 1000
29.507 158
52.573 795
19.5 578
113.873 1000
57.419 1000
31.363 778
74.038 699
84.836 1000
56.804 363
78.782 1000
72.789 1000
68.411 743
158.668 1000
27.363 1000
25.711 487
36.636 396
29.349 398
28.979 255
72.447 1000
45.55 283
60.149 312
119.865 1000
143.974 1000
96.093 843
144.791 1000
34.732 507
129.305 1000
37.746 525
29.616 482
108.664 424
35.819 286
28.655 293
124.669 1000
45.762 907
63.082 513
33.315 568
42.493 453
97.52 1000
80.827 429
34.404 523
41.489 955
21.564 573
4.596 166
67.278 1000
88.269 792
64.799 1000
30.867 396
17.164 551
64.785 568
14.985 527
47.662 1000
15.209 203
76.071 941
32.07 473
34.894 335
53.377 803
32.867 300
43.333 509
58.348 876
85.68 813
24.164 583
13.597 296
72.726 653
41.988 834
123.4 1000
26.156 341
65.122 1000
48.816 367
46.923 240
50.822 458
56.563 974
66.371 313
24.858 98
45.491 423
64.777 319
71.29 526
46.469 1000
177.081 1000
44.523 100
27.063 819
84.602 963
75.693 769
48.634 607
53.784 414
109.82 1000
141.514 1000
120.008 1000
197.121 1000
49.403 937
99.846 662
94.401 699
21.015 253
25.96 480
54.98 598
125.554 1000
141.127 1000
43.548 965
171.699 1000
117.431 1000
46.238 247
78.091 554
164.869 1000
127.47 1000
38.38 593
32.402 1000
72.043 1000
30.069 619
32.012 622
41.843 122
152.636 1000
58.533 392
198.92 1000
42.594 591
118.026 1000
83.071 1000
61.363 477
44.35 1000
101.068 1000
151.75 1000
72.349 840
43.809 626
31.249 432
50.056 281
50.747 1000
35.209 709
39.298 400
93.421 1000
154.479 1000
100.282 1000
43.234 416
58.364 578
14.412 260
54.992 1000
62.803 964
135.169 1000
69.239 870
55.758 468
34.093 629
104.93 1000
22.9 293
55.808 500
23.181 138
59.469 650
125.588 1000
23.39 568
10.973 550
31.345 191
56.754 1000
51.47 682
60.369 1000
20.102 629
76.817 1000
82.565 1000
69.176 627
54.997 526
32.134 692
85.132 1000
138.052 1000
34.425 256
157.626 1000
57.042 475
95.484 811
118.721 1000
104.598 1000
104.685 1000
114.791 742
15.824 757
72.408 1000
49.345 829
23.867 416
120.659 1000
105.237 1000
54.181 1000
137.477 1000
60.087 351
45.752 196
99.244 1000
149.331 972
80.322 1000
71.013 608
135.352 1000
82.054 1000
106.091 1000
61.691 604
88.303 741
67.119 562
141.778 1000
18.688 376
104.201 1000
58.473 1000
61.632 1000
109.071 1000
9.336 18
33.863 222
44.819 578
91.921 1000
75.18 1000
53.856 427
119.299 1000
44.494 412
64.415 1000
56.398 771
144.994 1000
38.745 514
27.318 590
54.957 602
40.201 691
63.163 1000
44.555 621
47.578 247
20.056 353
49.787 631
104.698 1000
35.039 412
26.054 590
93.263 1000
25.057 399
191.101 1000
72.376 544
15.951 698
44.054 1000
37.482 631
19.774 281
105.998 1000
97.414 1000
28.22 690
32.505 543
80.154 329
125.805 1000
165.258 1000
39.374 372
22.32 332
22.334 612
47.239 1000
18.07 191
23.662 346
132.194 1000
135.565 1000
66.736 778
39.31 616
32.36 243
56.923 651
55.914 440
34.233 288
15.539 388
24.116 299
39.554 497
32.752 329
50.725 426
27.859 649
72.125 298
57.163 601
41.598 608
70.398 761
51.215 691
136.885 1000
98.283 816
69.594 1000
38.239 401
65.59 255
98.824 1000
33.662 497
25.425 499
70.616 903
51.393 482
28.737 278
13.582 372
64.73 772
39.933 779
60.827 1000
30.958 166
48.11 1000
61.111 563
87.485 922
116.262 1000
29.815 568
53.881 606
72.581 1000
108.207 1000
95.987 473
23.688 914
34.125 370
67.871 720
58.09 1000
44.109 405
85.203 1000
41.376 433
127.114 1000
88.646 1000
37.004 615
31.244 66
17.675 154
28.941 83
11.78 303
70.952 487
17.935 164
31.637 771
54.654 1000
35.713 84
36.41 370
77.537 620
123.109 1000
123.154 1000
20.99 288
61.988 342
112.353 1000
75.782 851
21.683 272
31.074 97
45.652 634
29.178 291
36.793 735
98.8 1000
22.607 448
86.824 1000
39.281 172
104.877 1000
72.718 718
130.719 1000
33.191 1000
47.022 1000
187.65 1000
106.938 1000
62.141 289
100.923 1000
38.971 1000
178.084 1000
39.935 360
96.445 1000
48.386 391
153.018 1000
40.828 345
46.059 1000
103.739 644
95.4 1000
66.957 562
102.536 1000
82.087 1000
24.744 152
39.929 747
102.825 1000
37.17 661
31.882 244
67.389 578
167.499 1000
92.763 1000
87.983 805
112.758 1000
74.763 523
52.311 247
78.324 1000
138.099 1000
85.041 476
48.444 338
252.429 1000
152.655 1000
42.837 405
59.469 497
24.06 326
32.723 1000
80.69 800
126.401 1000
55.073 309
142.38 1000
159.355 1000
128.349 1000
38.349 332
119.401 1000
42.265 856
41.455 487
76.323 551
66.327 1000
114.934 1000
101.886 1000
74.583 1000
69.999 347
76.134 1000
54.692 1000
67.051 497
89.361 1000
151.82 1000
86.573 1000
129.52 1000
101.245 1000
44.336 206
61.616 457
23.662 264
51.785 493
45.75 243
66.97 258
84.155 917
61.246 359
59.701 482
129.654 1000
117.782 1000
87.337 848
28.678 414
74.305 668
16.973 722
219.262 1000
74.704 568
19.03 812
78.195 600
64.292 717
60.116 701
82.574 1000
128.562 1000
117.908 1000
39.493 206
32.534 750
12.752 597
69.28 406
29.015 290
16.807 365
113.272 1000
28.794 204
33.819 330
55.368 438
97.484 1000
44.548 293
117.717 1000
96.832 493
68.213 506
17.981 198
64.317 382
80.915 1000
37.383 319
110.607 729
148.871 1000
109.509 1000
23.362 375
78.142 1000
59.672 465
151.849 1000
124.854 1000
66.399 1000
137.716 1000
60.121 720
75.719 1000
23.229 404
141.65 1000
45.378 552
147.872 1000
14.906 258
49.243 713
40.78 548
83.173 1000
36.198 538
116.812 1000
88.58 1000
21.112 597
43.191 512
26.483 175
134.441 1000
24.381 323
126.791 1000
121.554 1000
46.115 793
85.915 1000
193.457 1000
70.263 611
30.677 305
92.432 865
32.759 247
44.939 139
46.064 185
62.664 469
64.014 725
75.356 531
33.215 434
189.68 1000
107.208 608
97.586 1000
47.733 405
169.021 1000
86.293 716
106.36 1000
67.887 1000
10.247 178
153.421 1000
71.089 507
107.361 1000
76.333 1000
79.141 426
95.706 1000
83.786 683
67.425 320
102.385 1000
117.509 1000
62.619 416
157.844 1000
43.222 120
101.205 1000
101.851 1000
83.384 1000
145.623 1000
113.095 1000
85.567 517
142.458 1000
17.114 170
94.506 1000
42.954 465
50.045 778
85.797 1000
192.531 1000
90.486 1000
140.6 1000
100.216 1000
135.018 1000
63.715 652
50.203 671
91.841 428
97.938 1000
25.994 576
168.694 1000
65.115 529
127.455 1000
153.389 1000
76.634 642
37.539 156
50.162 540
177.287 1000
48.28 901
23.463 473
135.398 1000
44.401 324
45.625 146
27.417 235
98.679 1000
110.36 1000
56.823 335
147.042 1000
121.564 1000
71.202 714
110.873 794
56.81 626
105.436 920
137.718 1000
17.688 222
55.183 312
34.131 654
165.647 1000
71.371 1000
42.778 406
145.006 1000
132.791 1000
27.214 323
43.868 636
28.807 243
101.639 399
46.221 388
119.189 1000
207.441 1000
101.515 1000
166.988 1000
63.528 570
17.045 105
117.654 1000
95.538 1000
31.334 145
28.577 528
116.728 626
203.896 1000
64.994 519
7.693 277
52.069 526
33.429 183
119.335 1000
152.099 1000
23.175 220
21.593 124
77.974 929
39.543 702
62.014 267
185.662 1000
48.468 449
154.294 1000
143.906 1000
92.556 1000
66.054 1000
27.113 268
119.632 1000
34.691 792
40.208 268
77.933 1000
70.602 258
50.279 492
140.828 1000
82.73 1000
64.139 1000
193.338 1000
161.243 899
186.993 1000
45.355 1000
19.538 747
36.467 530
152.167 1000
127.254 951
147.116 1000
25.525 776
136.05 1000
106.25 1000
52.655 373
57.467 645
169.177 1000
59.15 688
70.391 927
40.774 623
86.873 1000
60.834 755
66.465 497
119.86 1000
140.931 1000
115.587 1000
51.033 718
64.463 372
65.7 430
94.778 1000
84.518 1000
82.139 572
39.672 620
57.719 1000
16.01 734
88.833 1000
62.088 1000
32.337 680
72.479 1000
61.165 524
23.861 365
33.689 563
88.5 1000
43.354 264
34.197 747
37.01 703
55.392 772
89.488 368
21.336 189
107.694 730
24.938 589
77.736 575
56.516 419
62.834 467
40.792 267
29.766 142
58.18 872
23.581 293
144.055 1000
73.396 401
44.607 222
62.079 240
55.987 899
107.779 780
22.517 1000
39.755 686
109.316 746
64.499 661
102.541 1000
38.311 137
44.009 959
22.276 568
82.893 446
187.761 1000
92.583 880
121.652 542
30.109 654
130.5 1000
26.875 817
43.692 712
49.596 528
26.933 891
67.866 768
108.948 1000
88.356 686
67.458 408
67.938 338
105.519 534
88.978 1000
138.454 1000
208.032 1000
35.744 622
12.072 136
89.964 897
151.479 1000
41.883 502
24.333 122
135.253 1000
44.726 841
133.962 1000
133.62 1000
118.011 1000
65.762 611
55.052 306
157.99 1000
156.635 1000
127.435 1000
44.83 1000
156.161 1000
34.517 380
133.486 1000
38.601 354
190.44 1000
48.673 174
66.285 1000
24.518 274
60.297 203
93.854 497
73.54 784
108.837 1000
51.262 394
53.627 504
132.89 1000
30.6 308
53.032 896
83.002 545
94.704 1000
69.645 578
129.927 1000
36.12 1000
12.402 811
128.614 1000
106.781 1000
87.823 1000
75.442 615
97.565 642
91.55 1000
168.082 1000
39.171 921
65.478 862
105.405 1000
81.794 1000
123.124 1000
106.705 1000
47.124 394
98.222 1000
62.11 948
126.916 1000
52.514 1000
95.174 398
94.979 928
164.016 1000
134.992 1000
160.005 1000
48.83 538
20.613 413
89.471 634
66.836 523
53.355 1000
117.477 1000
42.96 972
199.787 1000
38.475 688
39.438 270
135.522 1000
95.803 974
83.531 1000
7.674 360
41.431 960
22.217 324
48.811 475
100.141 1000
36.349 226
42.307 330
45.287 854
72.576 1000
53.661 453
52.1 1000
62.152 269
103.981 1000
43.724 182
21.788 739
34.032 463
106.264 1000
24.599 574
25.375 872
31.062 497
61.665 511
47.383 906
83.545 1000
75.614 1000
48.409 847
49.459 307
24.945 384
86.445 600
33.798 547
45.664 1000
99.897 1000
46.163 785
109.903 1000
74.264 372
42.431 770
128.329 1000
72.025 267
19.13 425
123.671 1000
51.304 482
43.288 285
37.639 196
83.76 1000
62.743 331
75.575 1000
68.049 945
136.701 1000
227.444 1000
33.231 311
134.798 1000
96.056 704
112.067 1000
31.059 94
61.628 1000
63.549 876
114.31 1000
36.851 364
16.272 140
136.235 864
55.972 519
194.418 1000
62.419 772
85.375 1000
38.879 270
134.255 1000
94.566 1000
201.191 1000
75.436 589
101.477 839
13.922 85
22.201 418
88.572 1000
111.726 1000
21.43 89
15.521 468
162.026 1000
111.479 1000
20.476 219
23.905 785
180.9 1000
121.016 1000
81.348 836
116.971 718
18.077 383
185.613 1000
99.225 739
119.795 1000
96.65 920
43.848 446
131.915 1000
110.625 1000
72.219 218
187.898 1000
41.149 1000
182 1000
57.207 378
11.882 184
43.78 256
50.847 555
88.185 1000
53.969 908
30.599 218
35.976 372
129.684 1000
103.764 1000
129.448 1000
85.59 627
114.538 1000
36.901 606
102.843 1000
52.165 377
141.063 1000
50.518 688
140.042 1000
44.606 1000
101.874 1000
93.372 352
87.871 674
218.36 1000
19.209 502
94.682 813
54.54 1000
152.169 1000
108.296 1000
50.407 567
110.408 690
39.359 242
78.214 1000
24.08 485
9.397 167
101.45 768
92.274 1000
10.486 53
37.302 235
49.065 344
67.515 715
141.886 1000
32.358 464
28.788 588
164.243 1000
71.373 435
187.723 1000
115.116 1000
100.009 968
121.889 1000
54.696 471
17.718 747
156.396 1000
99.655 1000
90.751 1000
16.115 47
9.505 281
95.708 1000
33.295 796
145.402 869
47.105 1000
62.299 256
144.97 1000
90.782 694
18.82 349
186.069 1000
117.029 422
125.277 1000
97.468 1000
138.686 1000
134.434 1000
177.68 1000
115.571 1000
78.687 576
131.802 1000
52.2 1000
212.854 1000
127.778 1000
78.099 1000
98.486 351
161.162 1000
148.997 945
155.972 1000
218.798 1000
91.132 1000
206.81 1000
94.564 794
57.759 326
107.807 871
75.291 515
111.407 1000
86.523 528
27.918 328
111.657 1000
73.019 536
146.556 1000
54.069 872
107.649 619
65.433 747
48.272 203
58.553 381
118.867 814
39.947 443
129.905 1000
170.076 1000
130.223 1000
97.575 718
54.587 444
67.728 1000
93.239 671
34.776 397
122.027 1000
50.839 491
70.095 1000
127.729 1000
121.14 1000
60.072 473
41.067 342
34.63 526
83.353 622
52.396 454
183.423 1000
49.659 334
35.966 632
19.233 470
15.256 259
65.134 1000
96.178 1000
24.896 754
13.128 368
121.81 1000
104.176 1000
186.15 1000
99.598 1000
62.369 910
50.58 923
121.127 1000
161.182 1000
34.261 318
59.983 746
226.155 1000
26.825 97
113.939 1000
57.195 305
28.815 757
183.937 1000
69.824 687
35.385 329
126.761 1000
62.236 1000
97.815 1000
115.603 721
80.536 915
24.17 1000
34.084 503
33.079 232
110.527 1000
181.979 1000
60.882 552
102.209 586
53.852 148
39.522 851
88.13 1000
148.746 1000
202.802 1000
54.003 459
174.489 1000
44.213 727
114.314 1000
47.505 468
126.984 1000
146.17 1000
178.423 1000
45.803 588
96.604 1000
109.467 424
68.129 1000
100.666 1000
84.087 779
65.8 433
98.284 1000
33.886 679
146.768 1000
62.235 622
124.876 1000
156.795 1000
135.386 1000
55.129 838
83.625 435
162.01 1000
58.593 894
66.49 467
73.349 1000
48.312 647
163.779 1000
119.19 1000
92.513 1000
105.567 1000
21.281 319
123.488 1000
54.988 614
117.298 899
101.835 1000
45.168 372
74.255 1000
18.074 754
115.957 1000
143.082 1000
41.345 406
105.159 561
65.467 926
194.429 1000
117.681 614
16.487 91
79.358 412
158.889 1000
109.438 968
129.811 1000
20.423 372
99.191 860
121.729 1000
101.346 1000
39.229 260
33.435 453
62.893 548
168.057 1000
49.613 1000
72.129 997
97.216 1000
100.043 843
57.525 421
110.034 1000
45.423 186
115.944 1000
109.81 866
