34.085 126
35.034 126
36.522 126
39.051 126
43.414 130
48.363 130
55.414 139
61.287 130
70.041 142
78.771 161
88.722 161
96.235 161
96.877 161
97.971 161
99.389 161
100.443 161
104.292 166
103.287 161
105.804 166
106.043 161
108.37 172
108.016 161
111.688 172
111.837 161
112.164 161
112.406 161
112.454 161
116.445 200
92.754 161
98.356 161
101.29 173
102.644 446
104.551 875
114.949 875
112.536 1487
122.465 2201
133.653 970
120.941 830
154.124 1390
130.702 1719
195.484 1356
228.11 2472
240.978 2268
167.883 3000
309.346 6247
310.156 2914
354.394 4932
376.95 2677
383.53 1350
407.7 2914
471.916 5261
425.596 3876
295.398 2930
456.086 1530
706.647 5430
846.645 7200
563.134 4330
575.626 3560
522.309 1147
607.999 2880
580.391 2720
693.773 4330
516.062 2405
733.956 6927
546.656 5192
480.856 2650
494.293 1530
558.392 5240
571.684 4206
609.784 6995
881.418 9307
239.127 2828
582.192 2546
544.557 2440
506.953 1600
653.116 5227
570.075 5430
446.772 1600
636.006 4190
266.776 5450
