0.015 3
0.02 4
0.041 8
0.039 12
0.04 15
0.097 35
0.128 53
0.114 24
0.121 28
0.155 29
0.082 18
0.21478521478521478 17
0.23 39
1.815 191
1.509 69
1.7722277722277722 87
1.574 144
5.609390609390609 89
3.475 181
2.721 93
1.791 64
5.8558558558558556 98
1.2137862137862139 10
1.2017982017982018 11
8.95995995995996 119
3.9330669330669332 108
5.586 39
2.129 13
6.869 32
6.769 36
9.698 54
10.594 66
2.9160839160839163 100
6.092 37
10.836 78
11.764235764235764 123
9.55955955955956 40
10.626 108
3.904 74
2.701 24
8.751 98
3.119 169
11.673 131
4.91 51
10.509 92
5.85 139
3.998 74
9.244 90
3.726 47
28.09 99
17.25 109
17.448 163
3.301 122
1.352 93
1.812 28
7.7392607392607395 214
13.96 118
7.638638638638638 171
5.011 144
8.603 97
11.662 290
18.654 113
4.302 135
4.77 55
7.301 96
9.298 58
7.126 109
22.164835164835164 272
8.017982017982018 38
31.052 197
3.42 108
4.905 119
6.007 168
17.481 134
2.358 311
7.835 86
14.819 146
18.224775224775225 103
3.637 34
22.995 65
13.091 117
6.606 60
10.819180819180819 251
6.12 46
4.108 153
2.61 251
11.244 203
5.607 144
2.514 82
4.676 175
19.815 197
12.754 73
9.68 24
5.369 54
8.238 180
13.8 197
23.203 223
15.28 326
5.478 41
2.331 119
5.112 167
17.352 329
3.7612387612387614 240
1.2507492507492508 44
7.479520479520479 101
13.703296703296703 161
9.982017982017982 246
15.24075924075924 77
2.881 74
13.745254745254746 106
10.037924151696608 286
9.015 72
5.557442557442558 112
11.124750499001996 113
2.8614157527417747 72
6.641076769690927 211
9.719560878243513 164
10.439121756487026 186
7.658 100
5.47457627118644 48
18.611166500498506 177
22.094 178
10.784569138276552 237
9.521435692921237 322
13.816367265469061 119
7.258964143426295 86
2.1497005988023954 69
2.826 68
11.594 121
13.555888223552895 72
4.195195195195195 44
4.765702891326022 62
12.870259481037925 183
10.84147557328016 289
6.792 454
6.677322677322677 186
12.455 197
23.035964035964035 365
20.579 173
9.02102102102102 206
21.52047952047952 498
11.173 218
18.428857715430862 247
24.191616766467067 523
14.0249500998004 114
10.719 154
19.934 243
16.40940940940941 82
22.052947052947054 273
19.72 531
12.836327345309382 278
11.097097097097096 134
9.127 215
10.928143712574851 55
11.071713147410359 74
9.00996015936255 63
13.43956043956044 169
15.950149551345962 188
21.30792377131394 251
8.519441674975075 100
10.628256513026052 122
14.476476476476476 105
7.827827827827828 267
13.735 372
14.432 87
14.949101796407186 88
7.071071071071071 179
12.476 130
11.916083916083917 462
3.721278721278721 20
27.671342685370742 254
19.297893681043128 139
7.949 66
30.465931863727455 86
29.355289421157686 153
15.997997997997999 80
13.416 90
5.194416749750748 18
8.972055888223553 80
5.49203187250996 95
8.694610778443113 97
19.784 175
3.74749498997996 69
14.724724724724725 34
11.837162837162838 163
20.33733733733734 56
11.086 119
15.404382470119522 263
14.833166833166834 65
10.275896414342629 80
9.819 71
5.909 80
17.244267198404785 76
6.587587587587588 60
16.835 122
10.682 241
6.453187250996016 134
16.698301698301698 107
6.075772681954137 141
31.41874376869392 191
7.839641434262949 137
6.147852147852148 78
12.711133400200602 247
25.47363184079602 333
12.477567298105683 133
13.069860279441118 911
18.03796203796204 109
13.660019940179462 95
11.3993993993994 83
4.2967032967032965 51
8.634365634365635 136
16.904095904095904 122
5.5675675675675675 138
10.944167497507477 77
9.247247247247246 68
5.566733067729084 96
21.073073073073072 273
33.809950248756216 301
6.691542288557214 70
1.257455268389662 74
3.347652347652348 63
8.772227772227772 252
10.521 123
7.483549351944167 235
11.992992992992994 203
3.44188376753507 24
11.032 167
18.799 167
11.609 258
2.970970970970971 202
7.666333666333666 56
25.46053946053946 169
8.003988035892323 91
14.513 99
18.258 101
18.276 143
8.873126873126873 201
13.625 237
10.35 427
11.47047047047047 150
11.704 91
12.21 178
6.920159680638722 97
17.248502994011975 221
29.68268268268268 197
11.791417165668662 75
20.979041916167663 153
13.087 418
10.317317317317316 195
25.2987012987013 219
6.674 82
11.165 195
6.007992007992008 194
11.874 212
10.005994005994006 396
9.466533466533466 232
17.291708291708293 234
14.480519480519481 382
8.338 156
20.47747747747748 148
19.555555555555557 232
6.421 72
4.259 44
15.605 122
11.704 476
11.249500998003992 292
9.546453546453547 108
11.488023952095809 261
19.796203796203795 320
6.179640718562874 226
8.75748502994012 265
16.937062937062937 174
16.17182817182817 247
4.903096903096903 48
7.961038961038961 172
14.252747252747254 412
13.145145145145145 240
18.56943056943057 205
8.221335992023928 220
26.073852295409182 173
30.002991026919243 390
9.695304695304696 131
22.547 386
14.264735264735265 186
9.085170340681362 142
16.238 327
13.515453639082752 372
14.667332667332667 105
13.894 145
20.085170340681362 225
3.5574425574425574 83
11.468468468468469 296
10.23023023023023 46
15.896103896103897 139
12.580838323353293 225
19.914085914085913 128
14.35035035035035 40
1.5815815815815817 37
4.475 97
7.723 132
