6 4 2 1
0.07698835220163391 -2.4027743868472675 -0.7584976738364215 1.500458731599753 2.5227645572375064 0.25974842379583407
-3.385125237360765 0.7878591968466933 -2.565629592230259 3.561193088351758 -3.287504430955668 4.722448349279719
4.845879901337998 2.517346638926103 -1.5255700024632302 -1.973355513408525 1.6651702670048647 3.482829282931841
2.491936252191967 -3.5031831656117274 -1.3087290574384847 -3.9547101305782073 1.9609952155704788 -1.0856226821138628
-1.1767699678307746 1.6873482829072266 2.2097918841188116 -0.03328640466077924
4.671961074854635 -1.5792276716456588 -1.4040177704622059 1.9919548356096564
-0.1546114291121658 0.2246396612775872
1.0
0.0 0.0 -0.0019135660616696872 0.0
-0.008295456839650021 0.0
-0.009411925786372184
